################################
################################
k-NN classification result for :Letter-low(2250)
used lamda=2. Train-Val-Test split:270-158-1822
================================================
with k=1
spectral report:
               precision    recall  f1-score   support

         0.0       0.24      1.00      0.39         7
         1.0       1.00      0.33      0.50         6
         2.0       0.00      0.00      0.00        14
         3.0       1.00      0.38      0.55         8
         4.0       0.00      0.00      0.00        10
         5.0       0.26      0.82      0.39        11
         6.0       1.00      0.88      0.93         8
         7.0       0.33      0.79      0.47        14
         8.0       0.75      0.90      0.82        10
         9.0       0.75      0.92      0.83        13
        10.0       1.00      0.23      0.38        13
        11.0       1.00      0.08      0.15        12
        12.0       1.00      0.20      0.33        10
        13.0       1.00      0.42      0.59        12
        14.0       0.90      0.90      0.90        10

    accuracy                           0.51       158
   macro avg       0.68      0.52      0.48       158
weighted avg       0.66      0.51      0.46       158
================================================================
fractional report:
               precision    recall  f1-score   support

         0.0       0.00      0.00      0.00         7
         1.0       0.00      0.00      0.00         6
         2.0       0.00      0.00      0.00        14
         3.0       0.00      0.00      0.00         8
         4.0       0.27      0.80      0.40        10
         5.0       0.00      0.00      0.00        11
         6.0       0.71      0.62      0.67         8
         7.0       0.08      0.07      0.08        14
         8.0       0.73      0.80      0.76        10
         9.0       0.40      0.15      0.22        13
        10.0       0.93      1.00      0.96        13
        11.0       0.00      0.00      0.00        12
        12.0       0.28      0.90      0.43        10
        13.0       0.83      0.42      0.56        12
        14.0       0.90      0.90      0.90        10

    accuracy                           0.38       158
   macro avg       0.34      0.38      0.33       158
weighted avg       0.35      0.38      0.34       158
================================================================
fractional_constrained report:
               precision    recall  f1-score   support

         0.0       0.00      0.00      0.00         7
         1.0       0.00      0.00      0.00         6
         2.0       0.00      0.00      0.00        14
         3.0       0.00      0.00      0.00         8
         4.0       0.00      0.00      0.00        10
         5.0       0.00      0.00      0.00        11
         6.0       0.00      0.00      0.00         8
         7.0       0.25      0.71      0.37        14
         8.0       0.05      0.10      0.06        10
         9.0       0.00      0.00      0.00        13
        10.0       0.00      0.00      0.00        13
        11.0       0.00      0.00      0.00        12
        12.0       0.88      0.70      0.78        10
        13.0       0.29      0.17      0.21        12
        14.0       0.50      0.10      0.17        10

    accuracy                           0.13       158
   macro avg       0.13      0.12      0.11       158
weighted avg       0.13      0.13      0.11       158
================================================
with k=5
spectral report:
               precision    recall  f1-score   support

         0.0       0.00      0.00      0.00         7
         1.0       0.71      0.83      0.77         6
         2.0       0.00      0.00      0.00        14
         3.0       0.75      0.75      0.75         8
         4.0       0.00      0.00      0.00        10
         5.0       0.00      0.00      0.00        11
         6.0       0.86      0.75      0.80         8
         7.0       0.43      0.71      0.54        14
         8.0       0.75      0.90      0.82        10
         9.0       0.67      0.92      0.77        13
        10.0       1.00      0.23      0.38        13
        11.0       0.44      0.58      0.50        12
        12.0       0.00      0.00      0.00        10
        13.0       0.83      0.83      0.83        12
        14.0       0.90      0.90      0.90        10

    accuracy                           0.49       158
   macro avg       0.49      0.49      0.47       158
weighted avg       0.49      0.49      0.46       158
================================================================
fractional report:
               precision    recall  f1-score   support

         0.0       0.00      0.00      0.00         7
         1.0       0.13      0.33      0.19         6
         2.0       0.00      0.00      0.00        14
         3.0       0.44      0.50      0.47         8
         4.0       0.35      0.80      0.48        10
         5.0       0.00      0.00      0.00        11
         6.0       0.83      0.62      0.71         8
         7.0       0.42      0.71      0.53        14
         8.0       0.57      0.80      0.67        10
         9.0       0.25      0.08      0.12        13
        10.0       1.00      1.00      1.00        13
        11.0       0.89      0.67      0.76        12
        12.0       0.88      0.70      0.78        10
        13.0       0.65      0.92      0.76        12
        14.0       0.82      0.90      0.86        10

    accuracy                           0.54       158
   macro avg       0.48      0.54      0.49       158
weighted avg       0.49      0.54      0.50       158
================================================================
fractional_constrained report:
               precision    recall  f1-score   support

         0.0       0.00      0.00      0.00         7
         1.0       0.00      0.00      0.00         6
         2.0       0.00      0.00      0.00        14
         3.0       0.00      0.00      0.00         8
         4.0       0.00      0.00      0.00        10
         5.0       0.00      0.00      0.00        11
         6.0       0.00      0.00      0.00         8
         7.0       0.33      0.71      0.45        14
         8.0       0.00      0.00      0.00        10
         9.0       0.00      0.00      0.00        13
        10.0       0.27      0.23      0.25        13
        11.0       0.00      0.00      0.00        12
        12.0       0.90      0.90      0.90        10
        13.0       0.14      0.08      0.11        12
        14.0       0.50      0.10      0.17        10

    accuracy                           0.15       158
   macro avg       0.14      0.14      0.13       158
weighted avg       0.15      0.15      0.14       158
================================================
with k=10
spectral report:
               precision    recall  f1-score   support

         0.0       0.00      0.00      0.00         7
         1.0       0.50      0.33      0.40         6
         2.0       0.00      0.00      0.00        14
         3.0       0.55      0.75      0.63         8
         4.0       0.00      0.00      0.00        10
         5.0       0.00      0.00      0.00        11
         6.0       1.00      0.62      0.77         8
         7.0       0.40      0.71      0.51        14
         8.0       0.73      0.80      0.76        10
         9.0       0.65      0.85      0.73        13
        10.0       0.00      0.00      0.00        13
        11.0       0.35      0.58      0.44        12
        12.0       0.00      0.00      0.00        10
        13.0       0.50      0.83      0.62        12
        14.0       0.90      0.90      0.90        10

    accuracy                           0.43       158
   macro avg       0.37      0.43      0.38       158
weighted avg       0.35      0.43      0.38       158
================================================================
fractional report:
               precision    recall  f1-score   support

         0.0       0.00      0.00      0.00         7
         1.0       0.50      0.33      0.40         6
         2.0       0.00      0.00      0.00        14
         3.0       0.50      0.75      0.60         8
         4.0       0.50      0.80      0.62        10
         5.0       0.00      0.00      0.00        11
         6.0       0.33      0.62      0.43         8
         7.0       0.42      0.71      0.53        14
         8.0       0.73      0.80      0.76        10
         9.0       0.33      0.08      0.12        13
        10.0       1.00      0.77      0.87        13
        11.0       1.00      0.67      0.80        12
        12.0       0.88      0.70      0.78        10
        13.0       0.52      0.92      0.67        12
        14.0       0.41      0.90      0.56        10

    accuracy                           0.54       158
   macro avg       0.47      0.54      0.48       158
weighted avg       0.48      0.54      0.48       158
================================================================
fractional_constrained report:
               precision    recall  f1-score   support

         0.0       0.00      0.00      0.00         7
         1.0       0.00      0.00      0.00         6
         2.0       0.00      0.00      0.00        14
         3.0       0.00      0.00      0.00         8
         4.0       0.00      0.00      0.00        10
         5.0       0.00      0.00      0.00        11
         6.0       0.00      0.00      0.00         8
         7.0       0.42      0.71      0.53        14
         8.0       0.04      0.10      0.05        10
         9.0       0.00      0.00      0.00        13
        10.0       0.00      0.00      0.00        13
        11.0       0.00      0.00      0.00        12
        12.0       0.88      0.70      0.78        10
        13.0       0.48      0.83      0.61        12
        14.0       0.50      0.10      0.17        10

    accuracy                           0.18       158
   macro avg       0.15      0.16      0.14       158
weighted avg       0.16      0.18      0.16       158
################################
################################