################################
################################
k-NN classification result for :Letter-high(2250)
used lamda=2. Train-Val-Test split:225-101-1924
================================================
with k=1
spectral report:
               precision    recall  f1-score   support

         0.0       0.40      0.50      0.44         4
         1.0       0.33      0.62      0.43         8
         2.0       0.50      0.29      0.36         7
         3.0       0.25      0.20      0.22        10
         4.0       0.00      0.00      0.00         6
         5.0       0.00      0.00      0.00         4
         6.0       0.00      0.00      0.00         7
         7.0       0.11      0.12      0.12         8
         8.0       0.00      0.00      0.00         4
         9.0       0.50      0.40      0.44         5
        10.0       0.50      0.50      0.50         4
        11.0       0.60      0.50      0.55         6
        12.0       0.25      0.14      0.18         7
        13.0       0.50      0.33      0.40        12
        14.0       0.35      0.78      0.48         9

    accuracy                           0.31       101
   macro avg       0.29      0.29      0.28       101
weighted avg       0.30      0.31      0.29       101
================================================================
convex report:
               precision    recall  f1-score   support

         0.0       0.33      0.75      0.46         4
         1.0       0.56      0.62      0.59         8
         2.0       0.29      0.29      0.29         7
         3.0       0.40      0.20      0.27        10
         4.0       0.25      0.17      0.20         6
         5.0       0.00      0.00      0.00         4
         6.0       0.44      0.57      0.50         7
         7.0       0.00      0.00      0.00         8
         8.0       0.00      0.00      0.00         4
         9.0       0.25      0.20      0.22         5
        10.0       0.00      0.00      0.00         4
        11.0       0.00      0.00      0.00         6
        12.0       0.00      0.00      0.00         7
        13.0       0.56      0.42      0.48        12
        14.0       0.56      0.56      0.56         9

    accuracy                           0.28       101
   macro avg       0.24      0.25      0.24       101
weighted avg       0.29      0.28      0.27       101
================================================================
integral report:
               precision    recall  f1-score   support

         0.0       0.00      0.00      0.00         4
         1.0       0.30      0.38      0.33         8
         2.0       0.12      0.29      0.17         7
         3.0       0.00      0.00      0.00        10
         4.0       0.00      0.00      0.00         6
         5.0       0.25      0.25      0.25         4
         6.0       0.00      0.00      0.00         7
         7.0       0.00      0.00      0.00         8
         8.0       0.00      0.00      0.00         4
         9.0       0.12      0.20      0.15         5
        10.0       0.00      0.00      0.00         4
        11.0       0.00      0.00      0.00         6
        12.0       0.00      0.00      0.00         7
        13.0       0.67      0.17      0.27        12
        14.0       0.22      0.89      0.36         9

    accuracy                           0.17       101
   macro avg       0.11      0.14      0.10       101
weighted avg       0.15      0.17      0.12       101
================================================================
fractional report:
               precision    recall  f1-score   support

         0.0       0.00      0.00      0.00         4
         1.0       0.25      0.12      0.17         8
         2.0       0.00      0.00      0.00         7
         3.0       0.00      0.00      0.00        10
         4.0       0.33      0.17      0.22         6
         5.0       0.00      0.00      0.00         4
         6.0       0.00      0.00      0.00         7
         7.0       0.00      0.00      0.00         8
         8.0       0.00      0.00      0.00         4
         9.0       0.20      1.00      0.33         5
        10.0       0.50      0.25      0.33         4
        11.0       0.00      0.00      0.00         6
        12.0       0.33      0.29      0.31         7
        13.0       0.33      0.67      0.44        12
        14.0       0.41      0.78      0.54         9

    accuracy                           0.25       101
   macro avg       0.16      0.22      0.16       101
weighted avg       0.17      0.25      0.18       101
================================================================
================================================
with k=5
spectral report:
               precision    recall  f1-score   support

         0.0       0.22      0.50      0.31         4
         1.0       0.22      0.50      0.31         8
         2.0       0.25      0.29      0.27         7
         3.0       0.00      0.00      0.00        10
         4.0       0.20      0.17      0.18         6
         5.0       0.14      0.25      0.18         4
         6.0       0.75      0.43      0.55         7
         7.0       0.33      0.12      0.18         8
         8.0       0.00      0.00      0.00         4
         9.0       0.33      0.20      0.25         5
        10.0       0.40      0.50      0.44         4
        11.0       0.33      0.17      0.22         6
        12.0       0.00      0.00      0.00         7
        13.0       0.40      0.33      0.36        12
        14.0       0.39      0.78      0.52         9

    accuracy                           0.29       101
   macro avg       0.27      0.28      0.25       101
weighted avg       0.27      0.29      0.26       101
================================================================
convex report:
               precision    recall  f1-score   support

         0.0       0.40      1.00      0.57         4
         1.0       0.23      0.38      0.29         8
         2.0       0.44      0.57      0.50         7
         3.0       0.00      0.00      0.00        10
         4.0       0.50      0.50      0.50         6
         5.0       0.11      0.25      0.15         4
         6.0       1.00      0.43      0.60         7
         7.0       0.10      0.12      0.11         8
         8.0       0.18      1.00      0.31         4
         9.0       0.50      0.20      0.29         5
        10.0       0.00      0.00      0.00         4
        11.0       0.00      0.00      0.00         6
        12.0       0.00      0.00      0.00         7
        13.0       0.27      0.25      0.26        12
        14.0       0.00      0.00      0.00         9

    accuracy                           0.27       101
   macro avg       0.25      0.31      0.24       101
weighted avg       0.24      0.27      0.22       101
================================================================
integral report:
               precision    recall  f1-score   support

         0.0       0.00      0.00      0.00         4
         1.0       0.31      0.62      0.42         8
         2.0       0.18      0.29      0.22         7
         3.0       0.00      0.00      0.00        10
         4.0       0.00      0.00      0.00         6
         5.0       0.08      0.25      0.12         4
         6.0       1.00      0.43      0.60         7
         7.0       0.07      0.12      0.09         8
         8.0       0.07      0.25      0.11         4
         9.0       0.00      0.00      0.00         5
        10.0       0.00      0.00      0.00         4
        11.0       0.20      0.17      0.18         6
        12.0       0.00      0.00      0.00         7
        13.0       0.33      0.08      0.13        12
        14.0       0.56      0.56      0.56         9

    accuracy                           0.20       101
   macro avg       0.19      0.18      0.16       101
weighted avg       0.22      0.20      0.18       101
================================================================
fractional report:
               precision    recall  f1-score   support

         0.0       0.00      0.00      0.00         4
         1.0       0.20      0.38      0.26         8
         2.0       0.00      0.00      0.00         7
         3.0       0.12      0.10      0.11        10
         4.0       0.22      0.33      0.27         6
         5.0       0.00      0.00      0.00         4
         6.0       1.00      0.43      0.60         7
         7.0       0.17      0.12      0.14         8
         8.0       0.24      1.00      0.38         4
         9.0       0.28      1.00      0.43         5
        10.0       0.00      0.00      0.00         4
        11.0       0.00      0.00      0.00         6
        12.0       0.00      0.00      0.00         7
        13.0       0.20      0.17      0.18        12
        14.0       0.00      0.00      0.00         9

    accuracy                           0.21       101
   macro avg       0.16      0.24      0.16       101
weighted avg       0.17      0.21      0.16       101
================================================================
================================================
with k=10
spectral report:
               precision    recall  f1-score   support

         0.0       0.00      0.00      0.00         4
         1.0       0.18      0.25      0.21         8
         2.0       0.11      0.14      0.12         7
         3.0       0.25      0.20      0.22        10
         4.0       0.22      0.33      0.27         6
         5.0       0.20      0.25      0.22         4
         6.0       0.75      0.43      0.55         7
         7.0       0.25      0.12      0.17         8
         8.0       0.00      0.00      0.00         4
         9.0       0.14      0.20      0.17         5
        10.0       0.33      0.50      0.40         4
        11.0       0.20      0.17      0.18         6
        12.0       0.50      0.14      0.22         7
        13.0       0.62      0.42      0.50        12
        14.0       0.39      0.78      0.52         9

    accuracy                           0.29       101
   macro avg       0.28      0.26      0.25       101
weighted avg       0.32      0.29      0.28       101
================================================================
convex report:
               precision    recall  f1-score   support

         0.0       0.20      0.25      0.22         4
         1.0       0.32      0.75      0.44         8
         2.0       0.20      0.14      0.17         7
         3.0       0.33      0.20      0.25        10
         4.0       0.17      0.17      0.17         6
         5.0       0.14      0.25      0.18         4
         6.0       1.00      0.43      0.60         7
         7.0       0.09      0.12      0.11         8
         8.0       0.24      1.00      0.38         4
         9.0       0.50      0.20      0.29         5
        10.0       0.29      0.50      0.36         4
        11.0       0.20      0.17      0.18         6
        12.0       0.00      0.00      0.00         7
        13.0       0.25      0.17      0.20        12
        14.0       0.00      0.00      0.00         9

    accuracy                           0.26       101
   macro avg       0.26      0.29      0.24       101
weighted avg       0.26      0.26      0.23       101
================================================================
integral report:
               precision    recall  f1-score   support

         0.0       0.00      0.00      0.00         4
         1.0       0.27      0.38      0.32         8
         2.0       0.00      0.00      0.00         7
         3.0       0.20      0.20      0.20        10
         4.0       0.00      0.00      0.00         6
         5.0       0.06      0.25      0.10         4
         6.0       1.00      0.43      0.60         7
         7.0       0.00      0.00      0.00         8
         8.0       0.08      0.25      0.12         4
         9.0       0.00      0.00      0.00         5
        10.0       0.33      0.50      0.40         4
        11.0       0.20      0.17      0.18         6
        12.0       0.00      0.00      0.00         7
        13.0       0.67      0.17      0.27        12
        14.0       0.56      0.56      0.56         9

    accuracy                           0.20       101
   macro avg       0.22      0.19      0.18       101
weighted avg       0.27      0.20      0.20       101
================================================================
fractional report:
               precision    recall  f1-score   support

         0.0       0.00      0.00      0.00         4
         1.0       0.29      0.50      0.36         8
         2.0       0.17      0.14      0.15         7
         3.0       0.00      0.00      0.00        10
         4.0       0.25      0.17      0.20         6
         5.0       0.00      0.00      0.00         4
         6.0       1.00      0.43      0.60         7
         7.0       0.17      0.12      0.14         8
         8.0       0.11      0.25      0.15         4
         9.0       0.22      1.00      0.36         5
        10.0       0.00      0.00      0.00         4
        11.0       0.00      0.00      0.00         6
        12.0       0.00      0.00      0.00         7
        13.0       0.56      0.42      0.48        12
        14.0       0.62      0.56      0.59         9

    accuracy                           0.26       101
   macro avg       0.23      0.24      0.20       101
weighted avg       0.27      0.26      0.24       101
================================================================
================================================
with k=20
spectral report:
               precision    recall  f1-score   support

         0.0       0.00      0.00      0.00         4
         1.0       0.12      0.25      0.16         8
         2.0       0.18      0.29      0.22         7
         3.0       0.27      0.30      0.29        10
         4.0       0.50      0.17      0.25         6
         5.0       0.11      0.25      0.15         4
         6.0       0.75      0.43      0.55         7
         7.0       0.10      0.12      0.11         8
         8.0       0.00      0.00      0.00         4
         9.0       0.00      0.00      0.00         5
        10.0       0.40      0.50      0.44         4
        11.0       0.17      0.17      0.17         6
        12.0       0.00      0.00      0.00         7
        13.0       0.50      0.50      0.50        12
        14.0       0.62      0.56      0.59         9

    accuracy                           0.27       101
   macro avg       0.25      0.24      0.23       101
weighted avg       0.28      0.27      0.26       101
================================================================
convex report:
               precision    recall  f1-score   support

         0.0       0.00      0.00      0.00         4
         1.0       0.21      0.50      0.30         8
         2.0       0.40      0.29      0.33         7
         3.0       0.50      0.20      0.29        10
         4.0       0.33      0.17      0.22         6
         5.0       0.22      0.50      0.31         4
         6.0       1.00      0.43      0.60         7
         7.0       0.20      0.25      0.22         8
         8.0       0.00      0.00      0.00         4
         9.0       0.60      0.60      0.60         5
        10.0       0.33      0.50      0.40         4
        11.0       0.20      0.17      0.18         6
        12.0       0.00      0.00      0.00         7
        13.0       0.27      0.33      0.30        12
        14.0       0.41      0.78      0.54         9

    accuracy                           0.33       101
   macro avg       0.31      0.31      0.29       101
weighted avg       0.33      0.33      0.30       101
================================================================
integral report:
               precision    recall  f1-score   support

         0.0       0.00      0.00      0.00         4
         1.0       0.20      0.38      0.26         8
         2.0       0.00      0.00      0.00         7
         3.0       0.25      0.40      0.31        10
         4.0       0.00      0.00      0.00         6
         5.0       0.08      0.25      0.12         4
         6.0       1.00      0.43      0.60         7
         7.0       0.00      0.00      0.00         8
         8.0       0.05      0.25      0.09         4
         9.0       0.00      0.00      0.00         5
        10.0       0.00      0.00      0.00         4
        11.0       0.25      0.17      0.20         6
        12.0       0.00      0.00      0.00         7
        13.0       0.33      0.08      0.13        12
        14.0       0.56      0.56      0.56         9

    accuracy                           0.19       101
   macro avg       0.18      0.17      0.15       101
weighted avg       0.22      0.19      0.18       101
================================================================
fractional report:
               precision    recall  f1-score   support

         0.0       0.00      0.00      0.00         4
         1.0       0.25      0.50      0.33         8
         2.0       0.20      0.29      0.24         7
         3.0       0.00      0.00      0.00        10
         4.0       0.00      0.00      0.00         6
         5.0       0.00      0.00      0.00         4
         6.0       1.00      0.43      0.60         7
         7.0       0.00      0.00      0.00         8
         8.0       0.00      0.00      0.00         4
         9.0       0.29      0.40      0.33         5
        10.0       0.00      0.00      0.00         4
        11.0       0.33      0.83      0.48         6
        12.0       0.00      0.00      0.00         7
        13.0       0.25      0.25      0.25        12
        14.0       0.41      0.78      0.54         9

    accuracy                           0.26       101
   macro avg       0.18      0.23      0.18       101
weighted avg       0.20      0.26      0.21       101
================================================================
################################
################################