################################
################################
k-NN classification result for :Letter-low(2250)
used lamda=2. Train-Val-Test split:150-63-2037
================================================
with k=1
spectral report:
               precision    recall  f1-score   support

         0.0       1.00      1.00      1.00         1
         1.0       1.00      0.75      0.86         4
         2.0       0.00      0.00      0.00         3
         3.0       0.50      0.50      0.50         4
         4.0       0.00      0.00      0.00         3
         5.0       0.43      0.60      0.50         5
         6.0       0.50      0.50      0.50         2
         7.0       0.33      0.40      0.36         5
         8.0       0.67      0.80      0.73         5
         9.0       0.60      1.00      0.75         6
        10.0       0.86      0.86      0.86         7
        11.0       0.67      1.00      0.80         8
        12.0       1.00      1.00      1.00         1
        13.0       1.00      0.20      0.33         5
        14.0       1.00      0.75      0.86         4

    accuracy                           0.65        63
   macro avg       0.64      0.62      0.60        63
weighted avg       0.64      0.65      0.61        63
================================================================
fractional report:
               precision    recall  f1-score   support

         0.0       0.00      0.00      0.00         1
         1.0       0.25      0.50      0.33         4
         2.0       0.00      0.00      0.00         3
         3.0       0.67      0.50      0.57         4
         4.0       0.00      0.00      0.00         3
         5.0       0.00      0.00      0.00         5
         6.0       0.00      0.00      0.00         2
         7.0       0.00      0.00      0.00         5
         8.0       0.71      1.00      0.83         5
         9.0       0.25      0.17      0.20         6
        10.0       0.50      0.14      0.22         7
        11.0       0.86      0.75      0.80         8
        12.0       0.14      1.00      0.25         1
        13.0       0.22      0.40      0.29         5
        14.0       0.67      0.50      0.57         4

    accuracy                           0.35        63
   macro avg       0.28      0.33      0.27        63
weighted avg       0.37      0.35      0.33        63
================================================================
fractional_constrained report:
               precision    recall  f1-score   support

         0.0       0.00      0.00      0.00         1
         1.0       0.00      0.00      0.00         4
         2.0       0.00      0.00      0.00         3
         3.0       0.00      0.00      0.00         4
         4.0       0.00      0.00      0.00         3
         5.0       0.00      0.00      0.00         5
         6.0       0.00      0.00      0.00         2
         7.0       0.29      0.40      0.33         5
         8.0       0.04      0.20      0.07         5
         9.0       0.00      0.00      0.00         6
        10.0       0.33      0.14      0.20         7
        11.0       0.00      0.00      0.00         8
        12.0       0.00      0.00      0.00         1
        13.0       0.50      0.20      0.29         5
        14.0       0.00      0.00      0.00         4

    accuracy                           0.08        63
   macro avg       0.08      0.06      0.06        63
weighted avg       0.10      0.08      0.08        63
================================================================
integral report:
               precision    recall  f1-score   support

         0.0       0.00      0.00      0.00         1
         1.0       0.40      0.50      0.44         4
         2.0       0.00      0.00      0.00         3
         3.0       0.00      0.00      0.00         4
         4.0       0.00      0.00      0.00         3
         5.0       0.50      0.60      0.55         5
         6.0       0.00      0.00      0.00         2
         7.0       0.29      0.40      0.33         5
         8.0       0.67      0.80      0.73         5
         9.0       0.43      1.00      0.60         6
        10.0       0.88      1.00      0.93         7
        11.0       0.53      1.00      0.70         8
        12.0       0.00      0.00      0.00         1
        13.0       1.00      0.40      0.57         5
        14.0       0.00      0.00      0.00         4

    accuracy                           0.54        63
   macro avg       0.31      0.38      0.32        63
weighted avg       0.43      0.54      0.45        63
================================================================
================================================
with k=5
spectral report:
               precision    recall  f1-score   support

         0.0       0.00      0.00      0.00         1
         1.0       0.67      0.50      0.57         4
         2.0       0.30      1.00      0.46         3
         3.0       0.50      0.50      0.50         4
         4.0       0.00      0.00      0.00         3
         5.0       0.27      0.60      0.38         5
         6.0       0.50      0.50      0.50         2
         7.0       0.00      0.00      0.00         5
         8.0       0.67      0.80      0.73         5
         9.0       0.67      0.67      0.67         6
        10.0       1.00      0.14      0.25         7
        11.0       0.00      0.00      0.00         8
        12.0       0.00      0.00      0.00         1
        13.0       0.40      0.40      0.40         5
        14.0       0.50      0.50      0.50         4

    accuracy                           0.38        63
   macro avg       0.36      0.37      0.33        63
weighted avg       0.42      0.38      0.35        63
================================================================
fractional report:
               precision    recall  f1-score   support

         0.0       0.33      1.00      0.50         1
         1.0       0.00      0.00      0.00         4
         2.0       0.33      1.00      0.50         3
         3.0       0.67      0.50      0.57         4
         4.0       0.33      0.67      0.44         3
         5.0       0.00      0.00      0.00         5
         6.0       0.33      0.50      0.40         2
         7.0       0.00      0.00      0.00         5
         8.0       0.67      0.80      0.73         5
         9.0       0.40      0.33      0.36         6
        10.0       0.75      0.86      0.80         7
        11.0       0.86      0.75      0.80         8
        12.0       0.00      0.00      0.00         1
        13.0       0.60      0.60      0.60         5
        14.0       0.67      0.50      0.57         4

    accuracy                           0.51        63
   macro avg       0.40      0.50      0.42        63
weighted avg       0.46      0.51      0.47        63
================================================================
fractional_constrained report:
               precision    recall  f1-score   support

         0.0       0.00      0.00      0.00         1
         1.0       0.00      0.00      0.00         4
         2.0       0.43      1.00      0.60         3
         3.0       0.00      0.00      0.00         4
         4.0       0.00      0.00      0.00         3
         5.0       0.00      0.00      0.00         5
         6.0       0.00      0.00      0.00         2
         7.0       0.00      0.00      0.00         5
         8.0       0.00      0.00      0.00         5
         9.0       0.00      0.00      0.00         6
        10.0       0.20      0.14      0.17         7
        11.0       0.00      0.00      0.00         8
        12.0       0.00      0.00      0.00         1
        13.0       0.25      0.20      0.22         5
        14.0       0.00      0.00      0.00         4

    accuracy                           0.08        63
   macro avg       0.06      0.09      0.07        63
weighted avg       0.06      0.08      0.06        63
================================================================
integral report:
               precision    recall  f1-score   support

         0.0       0.50      1.00      0.67         1
         1.0       0.19      0.75      0.30         4
         2.0       0.43      1.00      0.60         3
         3.0       0.00      0.00      0.00         4
         4.0       0.00      0.00      0.00         3
         5.0       0.50      0.60      0.55         5
         6.0       0.10      0.50      0.17         2
         7.0       0.00      0.00      0.00         5
         8.0       0.67      0.80      0.73         5
         9.0       0.50      0.17      0.25         6
        10.0       0.88      1.00      0.93         7
        11.0       0.40      0.25      0.31         8
        12.0       0.00      0.00      0.00         1
        13.0       1.00      0.20      0.33         5
        14.0       0.00      0.00      0.00         4

    accuracy                           0.41        63
   macro avg       0.34      0.42      0.32        63
weighted avg       0.41      0.41      0.36        63
================================================================
================================================
with k=10
spectral report:
               precision    recall  f1-score   support

         0.0       0.00      0.00      0.00         1
         1.0       0.40      0.50      0.44         4
         2.0       0.33      1.00      0.50         3
         3.0       0.50      0.50      0.50         4
         4.0       0.00      0.00      0.00         3
         5.0       0.27      0.60      0.38         5
         6.0       0.33      0.50      0.40         2
         7.0       0.00      0.00      0.00         5
         8.0       0.67      0.80      0.73         5
         9.0       0.57      0.67      0.62         6
        10.0       1.00      0.14      0.25         7
        11.0       0.00      0.00      0.00         8
        12.0       0.00      0.00      0.00         1
        13.0       0.40      0.40      0.40         5
        14.0       0.67      0.50      0.57         4

    accuracy                           0.38        63
   macro avg       0.34      0.37      0.32        63
weighted avg       0.40      0.38      0.34        63
================================================================
fractional report:
               precision    recall  f1-score   support

         0.0       0.00      0.00      0.00         1
         1.0       0.67      0.50      0.57         4
         2.0       0.43      1.00      0.60         3
         3.0       0.67      0.50      0.57         4
         4.0       0.33      0.67      0.44         3
         5.0       0.00      0.00      0.00         5
         6.0       0.25      0.50      0.33         2
         7.0       0.00      0.00      0.00         5
         8.0       0.67      0.80      0.73         5
         9.0       0.00      0.00      0.00         6
        10.0       0.67      0.86      0.75         7
        11.0       0.75      0.75      0.75         8
        12.0       0.00      0.00      0.00         1
        13.0       0.40      0.40      0.40         5
        14.0       0.29      0.50      0.36         4

    accuracy                           0.48        63
   macro avg       0.34      0.43      0.37        63
weighted avg       0.40      0.48      0.42        63
================================================================
fractional_constrained report:
               precision    recall  f1-score   support

         0.0       0.00      0.00      0.00         1
         1.0       0.00      0.00      0.00         4
         2.0       0.43      1.00      0.60         3
         3.0       0.00      0.00      0.00         4
         4.0       0.00      0.00      0.00         3
         5.0       0.00      0.00      0.00         5
         6.0       0.00      0.00      0.00         2
         7.0       0.00      0.00      0.00         5
         8.0       0.00      0.00      0.00         5
         9.0       0.20      0.17      0.18         6
        10.0       0.50      0.86      0.63         7
        11.0       0.00      0.00      0.00         8
        12.0       0.00      0.00      0.00         1
        13.0       0.40      0.40      0.40         5
        14.0       0.00      0.00      0.00         4

    accuracy                           0.19        63
   macro avg       0.10      0.16      0.12        63
weighted avg       0.13      0.19      0.15        63
================================================================
integral report:
               precision    recall  f1-score   support

         0.0       0.50      1.00      0.67         1
         1.0       0.00      0.00      0.00         4
         2.0       0.43      1.00      0.60         3
         3.0       0.40      0.50      0.44         4
         4.0       0.00      0.00      0.00         3
         5.0       0.50      0.60      0.55         5
         6.0       0.10      0.50      0.17         2
         7.0       0.00      0.00      0.00         5
         8.0       0.67      0.80      0.73         5
         9.0       0.50      0.83      0.62         6
        10.0       0.88      1.00      0.93         7
        11.0       0.00      0.00      0.00         8
        12.0       0.00      0.00      0.00         1
        13.0       0.60      0.60      0.60         5
        14.0       0.00      0.00      0.00         4

    accuracy                           0.46        63
   macro avg       0.30      0.46      0.35        63
weighted avg       0.34      0.46      0.38        63
================================================================
################################
################################