################################
################################
k-NN classification result for :Letter-low(2250)
used lamda=2. Train-Val-Test split:225-112-1913
================================================
with k=1
spectral report:
               precision    recall  f1-score   support

         0.0       0.43      0.86      0.57         7
         1.0       0.83      0.83      0.83        12
         2.0       0.40      0.75      0.52         8
         3.0       0.75      0.75      0.75         4
         4.0       0.00      0.00      0.00         9
         5.0       0.12      0.17      0.14         6
         6.0       0.92      0.73      0.81        15
         7.0       0.00      0.00      0.00         3
         8.0       0.00      0.00      0.00         5
         9.0       0.90      0.90      0.90        10
        10.0       1.00      0.25      0.40         8
        11.0       0.00      0.00      0.00         5
        12.0       0.25      0.80      0.38         5
        13.0       1.00      0.50      0.67         6
        14.0       1.00      1.00      1.00         9

    accuracy                           0.57       112
   macro avg       0.51      0.50      0.47       112
weighted avg       0.60      0.57      0.55       112
================================================================
fractional report:
               precision    recall  f1-score   support

         0.0       0.00      0.00      0.00         7
         1.0       0.70      0.58      0.64        12
         2.0       0.00      0.00      0.00         8
         3.0       0.29      0.50      0.36         4
         4.0       0.44      0.89      0.59         9
         5.0       0.08      0.17      0.11         6
         6.0       0.00      0.00      0.00        15
         7.0       0.00      0.00      0.00         3
         8.0       0.00      0.00      0.00         5
         9.0       0.00      0.00      0.00        10
        10.0       1.00      1.00      1.00         8
        11.0       0.45      1.00      0.62         5
        12.0       0.36      1.00      0.53         5
        13.0       0.75      0.50      0.60         6
        14.0       1.00      1.00      1.00         9

    accuracy                           0.43       112
   macro avg       0.34      0.44      0.36       112
weighted avg       0.35      0.43      0.37       112
================================================================
fractional_constrained report:
               precision    recall  f1-score   support

         0.0       0.00      0.00      0.00         7
         1.0       0.00      0.00      0.00        12
         2.0       0.00      0.00      0.00         8
         3.0       0.14      0.25      0.18         4
         4.0       0.00      0.00      0.00         9
         5.0       0.00      0.00      0.00         6
         6.0       0.00      0.00      0.00        15
         7.0       0.00      0.00      0.00         3
         8.0       0.00      0.00      0.00         5
         9.0       0.00      0.00      0.00        10
        10.0       0.53      1.00      0.70         8
        11.0       0.00      0.00      0.00         5
        12.0       0.00      0.00      0.00         5
        13.0       1.00      0.17      0.29         6
        14.0       0.00      0.00      0.00         9

    accuracy                           0.09       112
   macro avg       0.11      0.09      0.08       112
weighted avg       0.10      0.09      0.07       112
================================================
with k=5
spectral report:
               precision    recall  f1-score   support

         0.0       0.38      0.71      0.50         7
         1.0       0.77      0.83      0.80        12
         2.0       0.00      0.00      0.00         8
         3.0       1.00      0.50      0.67         4
         4.0       0.00      0.00      0.00         9
         5.0       0.00      0.00      0.00         6
         6.0       0.74      0.93      0.82        15
         7.0       0.27      1.00      0.43         3
         8.0       1.00      0.80      0.89         5
         9.0       0.71      1.00      0.83        10
        10.0       1.00      0.75      0.86         8
        11.0       0.00      0.00      0.00         5
        12.0       0.00      0.00      0.00         5
        13.0       0.71      0.83      0.77         6
        14.0       1.00      1.00      1.00         9

    accuracy                           0.61       112
   macro avg       0.51      0.56      0.50       112
weighted avg       0.55      0.61      0.56       112
================================================================
fractional report:
               precision    recall  f1-score   support

         0.0       0.00      0.00      0.00         7
         1.0       0.78      0.58      0.67        12
         2.0       0.00      0.00      0.00         8
         3.0       1.00      0.50      0.67         4
         4.0       0.50      0.89      0.64         9
         5.0       1.00      0.17      0.29         6
         6.0       0.71      0.67      0.69        15
         7.0       0.19      1.00      0.32         3
         8.0       0.00      0.00      0.00         5
         9.0       0.20      0.10      0.13        10
        10.0       1.00      0.75      0.86         8
        11.0       0.50      1.00      0.67         5
        12.0       0.75      0.60      0.67         5
        13.0       0.75      0.50      0.60         6
        14.0       0.53      1.00      0.69         9

    accuracy                           0.52       112
   macro avg       0.53      0.52      0.46       112
weighted avg       0.54      0.52      0.48       112
================================================================
fractional_constrained report:
               precision    recall  f1-score   support

         0.0       0.22      0.71      0.33         7
         1.0       0.00      0.00      0.00        12
         2.0       0.00      0.00      0.00         8
         3.0       0.00      0.00      0.00         4
         4.0       0.00      0.00      0.00         9
         5.0       0.00      0.00      0.00         6
         6.0       0.00      0.00      0.00        15
         7.0       0.25      1.00      0.40         3
         8.0       0.00      0.00      0.00         5
         9.0       0.00      0.00      0.00        10
        10.0       0.46      0.75      0.57         8
        11.0       0.00      0.00      0.00         5
        12.0       0.75      0.60      0.67         5
        13.0       0.80      0.67      0.73         6
        14.0       0.00      0.00      0.00         9

    accuracy                           0.19       112
   macro avg       0.17      0.25      0.18       112
weighted avg       0.13      0.19      0.14       112
================================================
with k=10
spectral report:
               precision    recall  f1-score   support

         0.0       0.42      0.71      0.53         7
         1.0       0.83      0.83      0.83        12
         2.0       0.00      0.00      0.00         8
         3.0       1.00      0.50      0.67         4
         4.0       0.00      0.00      0.00         9
         5.0       0.00      0.00      0.00         6
         6.0       0.75      0.80      0.77        15
         7.0       0.23      1.00      0.38         3
         8.0       1.00      0.80      0.89         5
         9.0       0.33      0.10      0.15        10
        10.0       1.00      0.75      0.86         8
        11.0       0.00      0.00      0.00         5
        12.0       0.21      0.60      0.32         5
        13.0       0.50      0.50      0.50         6
        14.0       0.50      1.00      0.67         9

    accuracy                           0.52       112
   macro avg       0.45      0.51      0.44       112
weighted avg       0.48      0.52      0.47       112
================================================================
fractional report:
               precision    recall  f1-score   support

         0.0       0.00      0.00      0.00         7
         1.0       0.90      0.75      0.82        12
         2.0       0.00      0.00      0.00         8
         3.0       0.67      0.50      0.57         4
         4.0       0.73      0.89      0.80         9
         5.0       0.00      0.00      0.00         6
         6.0       0.55      0.80      0.65        15
         7.0       0.25      1.00      0.40         3
         8.0       0.80      0.80      0.80         5
         9.0       0.50      0.20      0.29        10
        10.0       1.00      0.75      0.86         8
        11.0       0.45      1.00      0.62         5
        12.0       0.75      0.60      0.67         5
        13.0       0.50      0.50      0.50         6
        14.0       0.50      1.00      0.67         9

    accuracy                           0.59       112
   macro avg       0.51      0.59      0.51       112
weighted avg       0.53      0.59      0.53       112
================================================================
fractional_constrained report:
               precision    recall  f1-score   support

         0.0       0.24      0.71      0.36         7
         1.0       0.00      0.00      0.00        12
         2.0       0.00      0.00      0.00         8
         3.0       0.00      0.00      0.00         4
         4.0       0.00      0.00      0.00         9
         5.0       0.00      0.00      0.00         6
         6.0       0.00      0.00      0.00        15
         7.0       0.25      1.00      0.40         3
         8.0       0.00      0.00      0.00         5
         9.0       0.00      0.00      0.00        10
        10.0       0.46      0.75      0.57         8
        11.0       0.00      0.00      0.00         5
        12.0       0.75      0.60      0.67         5
        13.0       1.00      1.00      1.00         6
        14.0       0.00      0.00      0.00         9

    accuracy                           0.21       112
   macro avg       0.18      0.27      0.20       112
weighted avg       0.14      0.21      0.16       112
################################
################################