################################
################################
k-NN classification result for :Letter-high(2250)
used lamda=2. Train-Val-Test split:450-54-1746
================================================
with k=1
spectral report:
               precision    recall  f1-score   support

         0.0       0.40      1.00      0.57         2
         1.0       0.00      0.00      0.00         2
         2.0       1.00      0.20      0.33         5
         3.0       0.50      0.20      0.29         5
         4.0       0.50      0.29      0.36         7
         5.0       0.50      0.75      0.60         4
         6.0       0.00      0.00      0.00         6
         7.0       0.43      0.75      0.55         4
         8.0       0.00      0.00      0.00         6
         9.0       0.25      0.75      0.38         4
        10.0       1.00      1.00      1.00         1
        11.0       0.00      0.00      0.00         1
        12.0       0.00      0.00      0.00         0
        13.0       0.50      0.50      0.50         2
        14.0       0.40      0.40      0.40         5

    accuracy                           0.35        54
   macro avg       0.37      0.39      0.33        54
weighted avg       0.38      0.35      0.31        54
================================================================
convex report:
               precision    recall  f1-score   support

         0.0       1.00      1.00      1.00         2
         1.0       1.00      1.00      1.00         2
         2.0       0.60      0.60      0.60         5
         3.0       1.00      1.00      1.00         5
         4.0       0.86      0.86      0.86         7
         5.0       0.80      1.00      0.89         4
         6.0       0.75      1.00      0.86         6
         7.0       1.00      1.00      1.00         4
         8.0       0.83      0.83      0.83         6
         9.0       1.00      0.75      0.86         4
        10.0       0.50      1.00      0.67         1
        11.0       0.00      0.00      0.00         1
        13.0       1.00      0.50      0.67         2
        14.0       1.00      0.80      0.89         5

    accuracy                           0.85        54
   macro avg       0.81      0.81      0.79        54
weighted avg       0.86      0.85      0.84        54
================================================================
integral report:
               precision    recall  f1-score   support

         0.0       0.00      0.00      0.00         2
         1.0       0.00      0.00      0.00         2
         2.0       0.00      0.00      0.00         5
         3.0       0.00      0.00      0.00         5
         4.0       0.00      0.00      0.00         7
         5.0       0.00      0.00      0.00         4
         6.0       0.00      0.00      0.00         6
         7.0       0.07      1.00      0.14         4
         8.0       0.00      0.00      0.00         6
         9.0       0.00      0.00      0.00         4
        10.0       0.00      0.00      0.00         1
        11.0       0.00      0.00      0.00         1
        13.0       0.00      0.00      0.00         2
        14.0       0.00      0.00      0.00         5

    accuracy                           0.07        54
   macro avg       0.01      0.07      0.01        54
weighted avg       0.01      0.07      0.01        54
================================================================
fractional report:
               precision    recall  f1-score   support

         0.0       1.00      1.00      1.00         2
         1.0       0.40      1.00      0.57         2
         2.0       1.00      0.20      0.33         5
         3.0       0.83      1.00      0.91         5
         4.0       1.00      0.86      0.92         7
         5.0       0.60      0.75      0.67         4
         6.0       0.75      1.00      0.86         6
         7.0       0.75      0.75      0.75         4
         8.0       0.83      0.83      0.83         6
         9.0       0.75      0.75      0.75         4
        10.0       1.00      1.00      1.00         1
        11.0       0.00      0.00      0.00         1
        12.0       0.00      0.00      0.00         0
        13.0       1.00      0.50      0.67         2
        14.0       1.00      0.80      0.89         5

    accuracy                           0.78        54
   macro avg       0.73      0.70      0.68        54
weighted avg       0.83      0.78      0.77        54
================================================================
================================================
with k=5
spectral report:
               precision    recall  f1-score   support

         0.0       0.33      1.00      0.50         2
         1.0       0.17      0.50      0.25         2
         2.0       0.33      0.20      0.25         5
         3.0       0.00      0.00      0.00         5
         4.0       0.71      0.71      0.71         7
         5.0       0.20      0.25      0.22         4
         6.0       0.86      1.00      0.92         6
         7.0       0.60      0.75      0.67         4
         8.0       0.57      0.67      0.62         6
         9.0       1.00      0.50      0.67         4
        10.0       0.00      0.00      0.00         1
        11.0       0.00      0.00      0.00         1
        12.0       0.00      0.00      0.00         0
        13.0       0.00      0.00      0.00         2
        14.0       0.00      0.00      0.00         5

    accuracy                           0.46        54
   macro avg       0.32      0.37      0.32        54
weighted avg       0.43      0.46      0.43        54
================================================================
convex report:
               precision    recall  f1-score   support

         0.0       1.00      1.00      1.00         2
         1.0       1.00      1.00      1.00         2
         2.0       0.57      0.80      0.67         5
         3.0       1.00      1.00      1.00         5
         4.0       1.00      0.86      0.92         7
         5.0       0.50      0.75      0.60         4
         6.0       0.86      1.00      0.92         6
         7.0       0.75      0.75      0.75         4
         8.0       1.00      0.83      0.91         6
         9.0       0.75      0.75      0.75         4
        10.0       1.00      1.00      1.00         1
        11.0       0.00      0.00      0.00         1
        13.0       1.00      0.50      0.67         2
        14.0       1.00      0.80      0.89         5

    accuracy                           0.83        54
   macro avg       0.82      0.79      0.79        54
weighted avg       0.85      0.83      0.83        54
================================================================
integral report:
               precision    recall  f1-score   support

         0.0       0.00      0.00      0.00         2
         1.0       0.04      1.00      0.07         2
         2.0       0.00      0.00      0.00         5
         3.0       0.00      0.00      0.00         5
         4.0       0.00      0.00      0.00         7
         5.0       0.00      0.00      0.00         4
         6.0       0.00      0.00      0.00         6
         7.0       0.00      0.00      0.00         4
         8.0       0.00      0.00      0.00         6
         9.0       0.00      0.00      0.00         4
        10.0       0.00      0.00      0.00         1
        11.0       0.00      0.00      0.00         1
        13.0       0.00      0.00      0.00         2
        14.0       0.00      0.00      0.00         5

    accuracy                           0.04        54
   macro avg       0.00      0.07      0.01        54
weighted avg       0.00      0.04      0.00        54
================================================================
fractional report:
               precision    recall  f1-score   support

         0.0       1.00      1.00      1.00         2
         1.0       0.40      1.00      0.57         2
         2.0       1.00      0.40      0.57         5
         3.0       1.00      1.00      1.00         5
         4.0       0.71      0.71      0.71         7
         5.0       0.50      0.50      0.50         4
         6.0       0.86      1.00      0.92         6
         7.0       0.75      0.75      0.75         4
         8.0       0.86      1.00      0.92         6
         9.0       0.60      0.75      0.67         4
        10.0       0.00      0.00      0.00         1
        11.0       0.00      0.00      0.00         1
        13.0       0.50      0.50      0.50         2
        14.0       1.00      0.80      0.89         5

    accuracy                           0.76        54
   macro avg       0.66      0.67      0.64        54
weighted avg       0.77      0.76      0.74        54
================================================================
================================================
with k=10
spectral report:
               precision    recall  f1-score   support

         0.0       0.50      1.00      0.67         2
         1.0       0.20      0.50      0.29         2
         2.0       0.50      0.20      0.29         5
         3.0       0.00      0.00      0.00         5
         4.0       0.60      0.43      0.50         7
         5.0       0.20      0.25      0.22         4
         6.0       0.86      1.00      0.92         6
         7.0       0.60      0.75      0.67         4
         8.0       0.57      0.67      0.62         6
         9.0       1.00      0.50      0.67         4
        10.0       0.00      0.00      0.00         1
        11.0       0.00      0.00      0.00         1
        12.0       0.00      0.00      0.00         0
        13.0       0.00      0.00      0.00         2
        14.0       0.00      0.00      0.00         5

    accuracy                           0.43        54
   macro avg       0.34      0.35      0.32        54
weighted avg       0.44      0.43      0.41        54
================================================================
convex report:
               precision    recall  f1-score   support

         0.0       1.00      0.50      0.67         2
         1.0       1.00      1.00      1.00         2
         2.0       0.67      0.80      0.73         5
         3.0       1.00      1.00      1.00         5
         4.0       0.88      1.00      0.93         7
         5.0       0.50      0.50      0.50         4
         6.0       0.86      1.00      0.92         6
         7.0       1.00      0.75      0.86         4
         8.0       1.00      0.83      0.91         6
         9.0       0.80      1.00      0.89         4
        10.0       0.50      1.00      0.67         1
        11.0       0.00      0.00      0.00         1
        13.0       1.00      1.00      1.00         2
        14.0       1.00      0.80      0.89         5

    accuracy                           0.85        54
   macro avg       0.80      0.80      0.78        54
weighted avg       0.86      0.85      0.84        54
================================================================
integral report:
               precision    recall  f1-score   support

         0.0       0.00      0.00      0.00         2
         1.0       0.04      1.00      0.07         2
         2.0       0.00      0.00      0.00         5
         3.0       0.00      0.00      0.00         5
         4.0       0.00      0.00      0.00         7
         5.0       0.00      0.00      0.00         4
         6.0       0.00      0.00      0.00         6
         7.0       0.00      0.00      0.00         4
         8.0       0.00      0.00      0.00         6
         9.0       0.00      0.00      0.00         4
        10.0       0.00      0.00      0.00         1
        11.0       0.00      0.00      0.00         1
        13.0       0.00      0.00      0.00         2
        14.0       0.00      0.00      0.00         5

    accuracy                           0.04        54
   macro avg       0.00      0.07      0.01        54
weighted avg       0.00      0.04      0.00        54
================================================================
fractional report:
               precision    recall  f1-score   support

         0.0       1.00      1.00      1.00         2
         1.0       0.40      1.00      0.57         2
         2.0       1.00      0.60      0.75         5
         3.0       1.00      1.00      1.00         5
         4.0       0.67      0.57      0.62         7
         5.0       0.67      0.50      0.57         4
         6.0       0.86      1.00      0.92         6
         7.0       0.75      0.75      0.75         4
         8.0       0.75      1.00      0.86         6
         9.0       0.75      0.75      0.75         4
        10.0       1.00      1.00      1.00         1
        11.0       0.00      0.00      0.00         1
        13.0       0.67      1.00      0.80         2
        14.0       1.00      0.60      0.75         5

    accuracy                           0.78        54
   macro avg       0.75      0.77      0.74        54
weighted avg       0.80      0.78      0.77        54
================================================================
================================================
with k=20
spectral report:
               precision    recall  f1-score   support

         0.0       0.33      0.50      0.40         2
         1.0       0.40      1.00      0.57         2
         2.0       0.00      0.00      0.00         5
         3.0       0.10      0.20      0.13         5
         4.0       0.60      0.43      0.50         7
         5.0       0.17      0.25      0.20         4
         6.0       0.86      1.00      0.92         6
         7.0       0.00      0.00      0.00         4
         8.0       0.60      0.50      0.55         6
         9.0       0.00      0.00      0.00         4
        10.0       0.00      0.00      0.00         1
        11.0       0.00      0.00      0.00         1
        13.0       0.00      0.00      0.00         2
        14.0       0.50      0.20      0.29         5

    accuracy                           0.33        54
   macro avg       0.25      0.29      0.25        54
weighted avg       0.33      0.33      0.32        54
================================================================
convex report:
               precision    recall  f1-score   support

         0.0       1.00      1.00      1.00         2
         1.0       1.00      1.00      1.00         2
         2.0       0.80      0.80      0.80         5
         3.0       1.00      1.00      1.00         5
         4.0       1.00      1.00      1.00         7
         5.0       0.60      0.75      0.67         4
         6.0       0.86      1.00      0.92         6
         7.0       0.75      0.75      0.75         4
         8.0       1.00      0.67      0.80         6
         9.0       0.75      0.75      0.75         4
        10.0       0.00      0.00      0.00         1
        11.0       0.50      1.00      0.67         1
        12.0       0.00      0.00      0.00         0
        13.0       1.00      1.00      1.00         2
        14.0       1.00      0.80      0.89         5

    accuracy                           0.85        54
   macro avg       0.75      0.77      0.75        54
weighted avg       0.87      0.85      0.85        54
================================================================
integral report:
               precision    recall  f1-score   support

         0.0       0.00      0.00      0.00         2
         1.0       0.00      0.00      0.00         2
         2.0       0.00      0.00      0.00         5
         3.0       0.00      0.00      0.00         5
         4.0       0.00      0.00      0.00         7
         5.0       0.00      0.00      0.00         4
         6.0       0.00      0.00      0.00         6
         7.0       0.00      0.00      0.00         4
         8.0       0.00      0.00      0.00         6
         9.0       0.00      0.00      0.00         4
        10.0       0.00      0.00      0.00         1
        11.0       0.00      0.00      0.00         1
        13.0       0.00      0.00      0.00         2
        14.0       0.09      1.00      0.17         5

    accuracy                           0.09        54
   macro avg       0.01      0.07      0.01        54
weighted avg       0.01      0.09      0.02        54
================================================================
fractional report:
               precision    recall  f1-score   support

         0.0       1.00      0.50      0.67         2
         1.0       0.50      1.00      0.67         2
         2.0       1.00      0.60      0.75         5
         3.0       1.00      1.00      1.00         5
         4.0       0.80      0.57      0.67         7
         5.0       1.00      0.50      0.67         4
         6.0       0.86      1.00      0.92         6
         7.0       0.67      1.00      0.80         4
         8.0       0.86      1.00      0.92         6
         9.0       0.75      0.75      0.75         4
        10.0       1.00      1.00      1.00         1
        11.0       0.00      0.00      0.00         1
        12.0       0.00      0.00      0.00         0
        13.0       0.67      1.00      0.80         2
        14.0       0.80      0.80      0.80         5

    accuracy                           0.80        54
   macro avg       0.73      0.71      0.69        54
weighted avg       0.83      0.80      0.79        54
================================================================
################################
################################