################################
################################
k-NN classification result for :Letter-high(2250)
used lamda=2. Train-Val-Test split:150-10-2090
================================================
with k=1
spectral report:
               precision    recall  f1-score   support

         1.0       0.00      0.00      0.00         0
         2.0       0.50      1.00      0.67         1
         3.0       1.00      0.33      0.50         3
         6.0       0.00      0.00      0.00         2
         7.0       0.00      0.00      0.00         0
         9.0       1.00      1.00      1.00         1
        10.0       0.00      0.00      0.00         1
        12.0       1.00      1.00      1.00         1
        13.0       0.00      0.00      0.00         1
        14.0       0.00      0.00      0.00         0

    accuracy                           0.40        10
   macro avg       0.35      0.33      0.32        10
weighted avg       0.55      0.40      0.42        10
================================================================
convex report:
               precision    recall  f1-score   support

         0.0       0.00      0.00      0.00         0
         1.0       0.00      0.00      0.00         0
         2.0       0.00      0.00      0.00         1
         3.0       0.00      0.00      0.00         3
         6.0       0.00      0.00      0.00         2
         8.0       0.00      0.00      0.00         0
         9.0       1.00      1.00      1.00         1
        10.0       0.00      0.00      0.00         1
        11.0       0.00      0.00      0.00         0
        12.0       0.00      0.00      0.00         1
        13.0       0.00      0.00      0.00         1
        14.0       0.00      0.00      0.00         0

    accuracy                           0.10        10
   macro avg       0.08      0.08      0.08        10
weighted avg       0.10      0.10      0.10        10
================================================================
integral report:
               precision    recall  f1-score   support

         2.0       0.00      0.00      0.00         1
         3.0       0.30      1.00      0.46         3
         6.0       0.00      0.00      0.00         2
         9.0       0.00      0.00      0.00         1
        10.0       0.00      0.00      0.00         1
        12.0       0.00      0.00      0.00         1
        13.0       0.00      0.00      0.00         1

    accuracy                           0.30        10
   macro avg       0.04      0.14      0.07        10
weighted avg       0.09      0.30      0.14        10
================================================================
fractional report:
               precision    recall  f1-score   support

         2.0       0.00      0.00      0.00         1
         3.0       0.50      0.33      0.40         3
         6.0       0.00      0.00      0.00         2
         7.0       0.00      0.00      0.00         0
         8.0       0.00      0.00      0.00         0
         9.0       1.00      1.00      1.00         1
        10.0       0.00      0.00      0.00         1
        12.0       0.00      0.00      0.00         1
        13.0       0.50      1.00      0.67         1

    accuracy                           0.30        10
   macro avg       0.22      0.26      0.23        10
weighted avg       0.30      0.30      0.29        10
================================================================
================================================
with k=5
spectral report:
               precision    recall  f1-score   support

         0.0       0.00      0.00      0.00         0
         1.0       0.00      0.00      0.00         0
         2.0       0.00      0.00      0.00         1
         3.0       0.25      0.33      0.29         3
         6.0       1.00      0.50      0.67         2
         9.0       1.00      1.00      1.00         1
        10.0       0.00      0.00      0.00         1
        12.0       0.00      0.00      0.00         1
        13.0       0.00      0.00      0.00         1
        14.0       0.00      0.00      0.00         0

    accuracy                           0.30        10
   macro avg       0.23      0.18      0.20        10
weighted avg       0.38      0.30      0.32        10
================================================================
convex report:
               precision    recall  f1-score   support

         0.0       0.00      0.00      0.00         0
         1.0       0.00      0.00      0.00         0
         2.0       0.00      0.00      0.00         1
         3.0       0.50      0.33      0.40         3
         6.0       1.00      0.50      0.67         2
         9.0       1.00      1.00      1.00         1
        10.0       0.00      0.00      0.00         1
        11.0       0.00      0.00      0.00         0
        12.0       0.00      0.00      0.00         1
        13.0       0.00      0.00      0.00         1
        14.0       0.00      0.00      0.00         0

    accuracy                           0.30        10
   macro avg       0.23      0.17      0.19        10
weighted avg       0.45      0.30      0.35        10
================================================================
integral report:
               precision    recall  f1-score   support

         1.0       0.00      0.00      0.00       0.0
         2.0       0.00      0.00      0.00       1.0
         3.0       0.00      0.00      0.00       3.0
         6.0       0.00      0.00      0.00       2.0
         9.0       0.00      0.00      0.00       1.0
        10.0       0.00      0.00      0.00       1.0
        12.0       0.00      0.00      0.00       1.0
        13.0       0.00      0.00      0.00       1.0

    accuracy                           0.00      10.0
   macro avg       0.00      0.00      0.00      10.0
weighted avg       0.00      0.00      0.00      10.0
================================================================
fractional report:
               precision    recall  f1-score   support

         0.0       0.00      0.00      0.00         0
         2.0       0.00      0.00      0.00         1
         3.0       0.00      0.00      0.00         3
         5.0       0.00      0.00      0.00         0
         6.0       1.00      0.50      0.67         2
         7.0       0.00      0.00      0.00         0
         8.0       0.00      0.00      0.00         0
         9.0       0.00      0.00      0.00         1
        10.0       0.00      0.00      0.00         1
        12.0       0.00      0.00      0.00         1
        13.0       0.50      1.00      0.67         1

    accuracy                           0.20        10
   macro avg       0.14      0.14      0.12        10
weighted avg       0.25      0.20      0.20        10
================================================================
================================================
with k=10
spectral report:
               precision    recall  f1-score   support

         0.0       0.00      0.00      0.00         0
         1.0       0.00      0.00      0.00         0
         2.0       0.50      1.00      0.67         1
         3.0       0.00      0.00      0.00         3
         6.0       1.00      0.50      0.67         2
         9.0       0.50      1.00      0.67         1
        10.0       0.00      0.00      0.00         1
        12.0       0.00      0.00      0.00         1
        13.0       1.00      1.00      1.00         1

    accuracy                           0.40        10
   macro avg       0.33      0.39      0.33        10
weighted avg       0.40      0.40      0.37        10
================================================================
convex report:
               precision    recall  f1-score   support

         1.0       0.00      0.00      0.00         0
         2.0       0.25      1.00      0.40         1
         3.0       0.00      0.00      0.00         3
         6.0       1.00      0.50      0.67         2
         7.0       0.00      0.00      0.00         0
         9.0       1.00      1.00      1.00         1
        10.0       0.00      0.00      0.00         1
        12.0       0.00      0.00      0.00         1
        13.0       0.00      0.00      0.00         1
        14.0       0.00      0.00      0.00         0

    accuracy                           0.30        10
   macro avg       0.23      0.25      0.21        10
weighted avg       0.33      0.30      0.27        10
================================================================
integral report:
               precision    recall  f1-score   support

         1.0       0.00      0.00      0.00       0.0
         2.0       0.00      0.00      0.00       1.0
         3.0       0.00      0.00      0.00       3.0
         6.0       0.00      0.00      0.00       2.0
         9.0       0.00      0.00      0.00       1.0
        10.0       0.00      0.00      0.00       1.0
        12.0       0.00      0.00      0.00       1.0
        13.0       0.00      0.00      0.00       1.0

    accuracy                           0.00      10.0
   macro avg       0.00      0.00      0.00      10.0
weighted avg       0.00      0.00      0.00      10.0
================================================================
fractional report:
               precision    recall  f1-score   support

         0.0       0.00      0.00      0.00         0
         1.0       0.00      0.00      0.00         0
         2.0       0.00      0.00      0.00         1
         3.0       0.00      0.00      0.00         3
         5.0       0.00      0.00      0.00         0
         6.0       1.00      0.50      0.67         2
         8.0       0.00      0.00      0.00         0
         9.0       0.00      0.00      0.00         1
        10.0       0.00      0.00      0.00         1
        12.0       0.00      0.00      0.00         1
        13.0       0.00      0.00      0.00         1

    accuracy                           0.10        10
   macro avg       0.09      0.05      0.06        10
weighted avg       0.20      0.10      0.13        10
================================================================
================================================
with k=20
spectral report:
               precision    recall  f1-score   support

         1.0       0.00      0.00      0.00         0
         2.0       0.50      1.00      0.67         1
         3.0       0.50      0.33      0.40         3
         4.0       0.00      0.00      0.00         0
         6.0       1.00      0.50      0.67         2
         7.0       0.00      0.00      0.00         0
         9.0       0.00      0.00      0.00         1
        10.0       0.00      0.00      0.00         1
        11.0       0.00      0.00      0.00         0
        12.0       0.00      0.00      0.00         1
        13.0       0.00      0.00      0.00         1

    accuracy                           0.30        10
   macro avg       0.18      0.17      0.16        10
weighted avg       0.40      0.30      0.32        10
================================================================
convex report:
               precision    recall  f1-score   support

         1.0       0.00      0.00      0.00         0
         2.0       0.33      1.00      0.50         1
         3.0       0.00      0.00      0.00         3
         6.0       1.00      0.50      0.67         2
         7.0       0.00      0.00      0.00         0
         9.0       1.00      1.00      1.00         1
        10.0       0.00      0.00      0.00         1
        12.0       0.00      0.00      0.00         1
        13.0       0.00      0.00      0.00         1
        14.0       0.00      0.00      0.00         0

    accuracy                           0.30        10
   macro avg       0.23      0.25      0.22        10
weighted avg       0.33      0.30      0.28        10
================================================================
integral report:
               precision    recall  f1-score   support

         1.0       0.00      0.00      0.00       0.0
         2.0       0.00      0.00      0.00       1.0
         3.0       0.00      0.00      0.00       3.0
         6.0       0.00      0.00      0.00       2.0
         9.0       0.00      0.00      0.00       1.0
        10.0       0.00      0.00      0.00       1.0
        12.0       0.00      0.00      0.00       1.0
        13.0       0.00      0.00      0.00       1.0

    accuracy                           0.00      10.0
   macro avg       0.00      0.00      0.00      10.0
weighted avg       0.00      0.00      0.00      10.0
================================================================
fractional report:
               precision    recall  f1-score   support

         1.0       0.00      0.00      0.00         0
         2.0       0.25      1.00      0.40         1
         3.0       1.00      0.33      0.50         3
         5.0       0.00      0.00      0.00         0
         6.0       1.00      0.50      0.67         2
         9.0       0.00      0.00      0.00         1
        10.0       0.00      0.00      0.00         1
        12.0       0.00      0.00      0.00         1
        13.0       0.00      0.00      0.00         1
        14.0       0.00      0.00      0.00         0

    accuracy                           0.30        10
   macro avg       0.23      0.18      0.16        10
weighted avg       0.53      0.30      0.32        10
================================================================
################################
################################